respMat_ 1,respMat_ 2,respMat_ 3,respMat_ 4,respMat_ 5,respMat_ 6,respMat_ 7,respMat_ 8,respMat_ 9,respMat_10,respMat_11
1,practice,1,p1-sin-37.5Hz-ninety.avi,twoseventy,sin-twoseventy-p1.wav,270,practice,2,1.18408400996123,
1,practice,2,p2-sin-37.5Hz-ninety.avi,oneeighty,sin-oneeighty-p2.wav,180,practice,3,0.000485109223518521,
,,,,,,,,,,
,,,,,,,,,,
